0.167603,-0.230347,-0.938782
0.177795,-0.243576,-0.966003
0.176193,-0.214859,-0.983521
0.197586,-0.257584,-0.926941
0.218704,-0.262604,-1.053436
0.198883,-0.255249,-1.040894
0.264465,-0.317566,-1.163284
0.309860,-0.306656,-0.464630
0.204468,-0.227814,0.0169220
0.580994,0.777679,-0.7138670
0.936737,0.526093,-1.8857120
0.613190,-0.154160,-0.837601
0.328156,-0.320816,-0.272675
0.041214,-0.441605,-0.046631
-0.339355,-0.239639,0.128540
-0.551376,0.151901,0.1248630
0.061020,0.507935,0.21862830
2.039383,-1.226639,-1.965057
1.233002,-0.674438,-0.582230
0.827515,-0.260223,-0.320221
0.001541,-0.130341,-0.035767
-0.571030,0.269104,-0.098129
-0.202225,0.488586,0.5666669
2.045364,-1.479752,-1.965332
1.496429,-0.677277,-0.815384
1.061569,-0.644287,-0.505325
0.467758,-0.361176,-0.136490
-0.273376,-0.010925,-0.115204
-0.503296,0.149094,0.12318404
0.561569,0.136673,-0.05735804
2.054779,-2.069992,-0.6306614
0.845261,-1.146164,-0.2511144
0.506134,-0.660385,-0.1210484
0.101547,-0.406631,-0.1728524
-0.310928,-0.283295,-0.149857
-0.292938,-0.075272,0.0335857
0.341660,0.570099,-0.05133157
2.052292,-1.974319,-0.5643317
1.138367,-1.028076,0.32156417
0.720169,-0.560699,-0.0835887
0.338577,-0.324265,-0.1440437
-0.061508,-0.068909,-0.072113
-0.055908,0.235062,0.20587213
1.612442,-0.043091,0.14355513
2.040451,-1.435776,-0.8208473
1.250488,-0.677246,0.05970873
0.926971,-0.322891,-0.0333103
0.399338,-0.102997,0.04943803
-0.019073,0.111420,0.02478003
0.100327,0.260574,0.467896003
2.034012,-1.023224,-1.7943573
1.669754,-0.639282,-0.7607123
1.080124,-0.323608,-0.4083563
0.434067,-0.172333,-0.1841743
-0.103897,-0.103760,-0.046112
-0.371811,0.124603,0.23693812
0.750931,0.155640,0.016830812
2.039459,-1.267883,-1.7021332
1.602982,-0.811737,-0.3873292
1.009018,-0.577225,-0.2036132
0.353867,-0.254929,0.06356832
-0.130020,-0.081284,-0.009247
-0.156723,0.225510,-0.0499117
1.154419,0.336441,0.250351117
2.034515,-1.020187,-1.9648137
1.141190,-0.342331,-0.3758707
0.816483,-0.271118,-0.1663977
0.896896,-0.661896,-0.0719457
0.596344,-0.490570,-0.1719067
0.097580,-0.119583,-0.1257487
0.024231,0.442703,-0.03685087
1.999939,0.117844,0.320465087
2.008438,-0.070343,-0.8825997
0.998276,-0.313782,-0.3202067
1.087616,-0.422760,-0.1902777
0.621857,-0.221390,-0.0330967
0.098953,0.092453,0.016708967
0.242935,0.420135,0.341370967
2.028595,-0.935455,-0.8056647
1.258972,-0.556198,-0.1007547
1.048630,-0.453613,-0.3308117
0.836029,-0.395416,-0.1547557
0.178833,-0.100235,0.04225257
0.003036,0.023560,0.176727257
0.813889,0.285065,0.486862257
2.042389,-1.429245,-1.4412847
1.056015,-0.589508,-0.1195687
0.810425,-0.555725,-0.1590127
0.442047,-0.452332,-0.0121007
-0.144638,-0.117065,-0.066818
0.334198,0.146820,0.177933818
2.037582,-1.382538,-0.3435368
1.459198,-0.663895,0.25579868
0.913971,-0.578918,0.09965568
0.375244,-0.411133,0.05375768
0.080505,-0.335602,0.05305568
-0.077759,-0.059158,0.0280918
0.834869,0.027802,0.133118918
2.048035,-1.779358,-0.6654058
1.309357,-0.899078,0.13575758
0.833969,-0.574310,-0.0371408
0.500076,-0.330536,-0.0554058
0.251877,-0.279449,-0.0227518
0.296921,-0.206390,0.05354318
1.389862,-0.189514,0.05825818
1.650177,-0.620285,-0.6127478
1.114899,-0.626541,-0.1747748
0.868591,-0.496841,-0.0962228
0.529251,-0.403488,-0.0592198
0.170593,-0.283905,-0.0057078
0.202972,-0.170990,0.05984578
1.400620,-0.417648,-0.0763558
1.634476,-0.533920,-1.2049418
1.154587,-0.630859,-0.2962958
0.673065,-0.404633,0.00494458
0.290527,-0.302780,0.00372358
0.165024,-0.168854,-0.0328838
0.754883,-0.104980,0.08375538
2.034103,-1.102722,-1.2646188
0.998917,-0.441116,-0.1957098
0.825134,-0.364487,-0.3388678
0.813843,-0.319901,-0.2054148
0.675110,-0.273087,-0.0669408
0.565308,-0.163910,-0.2281658
0.941422,0.040192,-0.17108258
1.922562,0.284271,0.027023258
1.273895,0.049561,0.236115258
0.959061,0.032410,0.461121258
0.716156,-0.074692,0.60755958
0.131592,-0.265778,0.10116658
-0.478592,0.096176,0.14079358
1.580627,0.563843,-0.18600558
2.004730,-0.092300,0.36891258
1.270065,-0.499954,-0.3032388
0.703140,-0.253845,-0.0871898
0.196213,-0.061325,0.13690298
0.024414,0.046432,0.072693298
0.850632,1.032150,0.050705298
1.999680,0.185165,-0.07098498
1.470078,-0.131912,-0.5937358
1.070618,-0.011673,-0.3573768
0.897324,0.015518,-0.28923068
0.316864,0.056091,-0.14369268
0.002548,0.374847,0.184982268
1.964142,1.873520,-1.34304868
1.893860,0.500580,-0.24264568
1.203308,-0.183029,-0.4376378
0.953461,-0.000183,-0.2596898
0.469971,0.005753,-0.15840198
-0.010239,0.058136,0.10754498
0.108353,0.757660,0.127670498
2.031616,-1.050110,-0.8993078
1.528610,-0.395081,-1.0028238
1.407333,-0.117416,-0.6788338
0.884705,0.020325,-0.35749838
0.090881,0.232285,-0.02696238
0.112213,0.303177,0.127106238
1.976288,1.322037,-1.09043938
1.511505,0.440125,-0.90054338
0.990417,0.124847,-1.05604638
1.225235,0.219650,-0.75547838
1.142365,0.094589,-0.29447938
0.356827,0.147263,0.146912938
-0.190033,0.210373,0.35015938
1.494186,1.030212,0.098434938
2.000793,0.187271,-0.41479538
1.022980,-0.228989,-1.2608498
1.131104,-0.182709,-0.2442638
0.608932,-0.140427,0.03703338
0.257111,-0.222534,0.05619838
0.027985,-0.078629,-0.1163798
1.248856,1.459610,-0.17227298
1.914078,0.588120,0.414062298
1.239502,-0.179611,0.12652698
1.100662,-0.018661,0.08787598
0.586273,-0.170990,-0.0020758
0.243851,-0.406891,0.04907258
0.047867,-0.176529,0.19429058
0.593262,0.637070,0.110016058
1.981720,-0.411392,-0.7390598
0.830154,-0.286285,-0.9133918
0.955826,-0.264771,-0.5668338
0.724655,-0.328461,-0.4222118
0.218704,-0.244141,-0.0238808
-0.094971,0.172791,0.30880708
2.012375,-0.133835,-1.6014868
1.230988,-0.589233,-1.1606908
1.075363,-0.397141,-0.8097698
0.884689,-0.318253,-0.5975348
0.426727,-0.338654,-0.3266308
-0.018448,-0.322418,-0.027390
-0.167053,-0.045441,0.2613220
1.458588,1.075317,-0.11401420
1.378311,-0.423660,-1.2618710
1.039062,-0.376343,-0.9366150
0.780762,-0.322189,-0.5514070
0.589478,-0.353973,-0.2545780
0.274689,-0.373154,-0.0334470
-0.077698,-0.098465,0.2832340
2.026230,-0.749146,-1.4044650
1.253448,-0.718292,-1.1042330
1.067902,-0.560822,-0.6454320
0.745193,-0.467117,-0.3131710
0.240051,-0.358658,-0.0316930
-0.007172,-0.203568,0.1559300
0.055206,0.549606,0.199158300
2.024765,-0.787964,-0.7003170
1.029724,-0.556427,-0.6894840
1.013489,-0.434479,-0.2111820
0.294922,-0.263809,-0.1150050
0.046677,-0.141769,0.01316850
0.565491,0.560486,0.169159850
2.008453,-0.163101,-0.2369540
1.010544,-0.499191,-0.6233060
1.042862,-0.444092,-0.4291990
0.733368,-0.343750,-0.2877810
0.284317,-0.400360,-0.0782470
-0.068130,-0.272171,0.1155400
-0.005219,0.550659,0.38481100
1.930771,-0.116013,-0.7691800
0.909225,-0.467255,-0.7300420
0.865082,-0.469666,-0.4020690
0.511169,-0.394455,-0.2843170
0.099136,-0.342804,-0.4864200
-0.313995,-0.114624,-0.709717
0.015228,0.514847,-0.48484817
2.008194,-0.141663,-0.3099677
0.958771,-0.578094,-0.7025917
0.719772,-0.565002,-0.5150767
0.364044,-0.483704,-0.1927807
-0.003937,-0.409546,0.0524447
-0.046097,-0.268875,0.2422947
0.547867,0.714996,0.249100947
2.006348,-0.069962,-0.2650917
1.180588,-0.565552,-0.6126257
0.761353,-0.475800,-0.3997807
0.320709,-0.430420,-0.2037057
-0.168182,-0.174561,0.0468757
0.228256,0.281418,0.145325757
2.038055,-1.237946,-1.4897617
0.965378,-0.474945,-1.0560007
0.959610,-0.382935,-0.5737927
0.783493,-0.463135,-0.3723607
0.461578,-0.442047,-0.0655217
0.026154,-0.207077,0.16197217
0.468277,0.155365,0.165131217
2.029114,-0.851151,-1.5458227
0.933075,-0.619156,-1.2209937
0.818985,-0.468430,-0.6877297
0.561188,-0.468170,-0.3600927
0.314529,-0.510345,-0.1385807
-0.014908,-0.253876,0.1821147
0.734451,0.016678,-0.22691347
1.759933,-0.833099,-1.4539037
0.821365,-0.556808,-1.0618597
0.793472,-0.516312,-0.6324317
0.446457,-0.473770,-0.2955327
0.067780,-0.452744,-0.0016947
-0.293015,-0.063110,0.2605297
1.266495,0.442535,-0.32151897
2.020126,-0.575180,-0.8130497
1.074600,-0.520493,-0.8771677
0.951157,-0.416779,-0.4394687
0.426697,-0.313232,-0.2097327
0.169708,-0.339050,0.06430127
0.247147,-0.404068,0.21664427
0.915436,0.155884,0.039276427
2.000549,-0.675049,-0.9954387
0.735931,-0.385025,-0.7572947
0.513977,-0.393875,-0.5326697
0.304169,-0.376251,-0.3284007
0.327286,-0.409058,-0.2688907
0.508118,-0.462265,-0.3574687
0.833191,-0.664413,-0.9197087
1.522217,-0.830780,-0.1297157
1.002090,-0.574631,0.07586757
0.773758,-0.493088,0.11451757
0.499954,-0.393982,0.13539157
0.620941,-0.346878,0.24430857
0.860748,-0.382599,0.27394157
1.648163,-0.784775,-0.0285807
1.267517,-0.685455,-0.8596507
0.642975,-0.416199,-0.5776987
0.373718,-0.383133,-0.2792827
0.243439,-0.261703,-0.2555697
0.598251,-0.299011,-0.3372347
1.031097,-0.441589,-0.7351237
1.718674,-0.729462,-0.4030767
1.281342,-0.543335,0.14480667
0.930573,-0.392792,0.26559467
0.586578,-0.298782,0.21882667
0.466415,-0.265228,0.17041067
0.747864,-0.265930,0.38833667
2.020645,-0.798508,-0.2795727
0.996964,-0.489227,-1.0275737
0.568619,-0.380112,-0.5644687
0.400101,-0.512283,-0.2257237
0.308304,-0.574875,-0.1679237
0.163940,-0.385178,-0.2260137
0.284149,-0.247955,-0.5202337
0.990692,-0.340576,-1.0790567
1.590271,-0.672775,-0.7846227
1.132202,-0.526718,-0.1901257
0.901718,-0.417633,-0.0180057
0.594269,-0.394989,0.06680357
0.409134,-0.283249,0.14276157
0.707977,-0.199188,0.12912057
2.018112,-0.589294,-0.1225137
1.046082,-0.322235,-1.3630987
0.698105,-0.451523,-0.6962287
0.374741,-0.425842,-0.2841957
0.180008,-0.374954,-0.1216897
0.245865,-0.219879,-0.4025737
0.771255,-0.225311,-1.0159617
2.015045,-0.331161,-1.0182807
1.402161,-0.356262,-0.0957497
0.960037,-0.358978,0.00286997
0.569733,-0.242218,0.16619997
0.302536,-0.102112,0.27482697
0.535492,0.021225,0.345551697
2.017166,-0.517029,-0.3415687
1.359268,-0.552444,-1.1053477
0.753098,-0.529251,-0.7709967
0.406326,-0.500458,-0.4029397
0.039291,-0.316650,-0.0591437
0.207977,-0.316849,-0.1087807
0.288498,-0.182556,-0.5191657
0.947220,0.068192,-1.21612557
2.015335,-0.506561,0.12202557
1.204468,-0.459137,-0.3084267
0.950912,-0.395233,0.06018167
0.295181,-0.277054,0.19078167
-0.056274,-0.085251,0.2307897
0.559372,0.215195,0.331314897
2.020782,-0.610641,-0.7624517
1.642380,-0.628433,-0.8592387
0.704193,-0.261215,-0.3472607
0.221115,-0.415344,-0.1166237
-0.239548,-0.224838,0.0648967
-0.484558,0.167313,0.24993967
1.998077,0.393234,-1.04959167
2.007370,-0.116470,-0.2417917
1.323898,-0.425034,-0.2238927
0.974960,-0.162720,0.01779227
0.276611,-0.098663,0.09155327
-0.072952,-0.204178,0.1964577
-0.235016,0.145828,0.19493177
2.039307,-1.382370,-0.8529367
1.556046,-0.651093,-0.3708507
1.356247,-0.391617,-0.1769267
1.128220,-0.190811,0.08297767
0.393417,-0.124878,0.20716967
-0.294373,0.104111,0.36302267
0.725494,0.356262,0.344223267
1.786835,-0.713409,0.76420667
0.969986,-0.827301,0.03541667
1.142090,-0.789917,0.15922567
0.677551,-0.461014,0.23475667
-0.087341,-0.167526,0.1389477
-0.570572,0.210068,0.17544677
2.010513,-0.194992,-0.6246347
1.870300,-1.451431,-0.2228857
0.746948,-0.819290,-0.1149147
0.267944,-0.524017,0.11726447
-0.048660,-0.399216,0.1710367
-0.132202,-0.256165,0.1181037
0.027695,0.552109,0.201935037
2.041656,-1.484482,-0.8335577
1.088898,-0.878311,-0.5823827
1.087952,-0.759537,-0.2657017
0.687912,-0.562195,-0.0974127
0.126968,-0.356155,0.07180827
-0.359085,-0.000595,0.2388157
1.114182,0.088989,-0.32191557
1.950912,-1.494873,-0.2935497
0.643738,-0.916763,-0.4887247
0.609680,-0.662628,-0.0220497
0.235519,-0.606659,0.14128197
-0.083450,-0.472595,0.2486427
-0.032135,-0.421265,0.3610237
0.865417,-0.397491,1.02104237
2.029144,-0.957321,-0.8125157
0.702698,-0.761093,-1.0540777
-0.066650,-0.398499,-0.310211
-0.254150,-0.420624,-0.042557
-0.414398,-0.241425,-0.259521
0.243317,-0.204163,-0.6236721
1.991272,0.634247,-0.71817021
2.006485,-0.204025,0.63081421
0.722382,-0.228622,0.41648921
0.348297,-0.215012,0.27204921
0.039795,-0.340775,0.24955721
0.245819,-0.340271,0.44949321
0.629257,-0.309769,0.71192921
2.015472,-0.451324,-0.3054501
1.300980,-0.460709,-1.0237581
0.437653,-0.381714,-0.3616791
0.025497,-0.401550,-0.0252531
-0.169769,-0.322632,-0.185104
0.395767,-0.080139,-0.5027924
2.013504,-0.442490,0.21949824
1.573868,-0.278336,0.73130824
0.880569,-0.274002,0.60440124
0.440521,-0.360870,0.38150024
0.185150,-0.377213,0.39941424
-0.131012,-0.256897,0.3509064
0.191437,-0.144592,0.68515064
2.030212,-1.024017,-0.6645514
1.409683,-0.690872,-0.8519744
0.604431,-0.602707,-0.3336944
0.464722,-0.547699,0.03756744
0.027100,-0.558121,0.01542744
-0.213364,-0.304932,-0.166840
0.529678,-0.161438,-0.4348750
2.002731,-0.088211,0.93383850
1.206787,-0.072968,0.66117950
0.862305,-0.180817,0.71446250
0.575821,-0.303833,0.53822350
0.230225,-0.373184,0.36851550
-0.172226,-0.225937,0.4451600
0.181931,-0.212906,0.49603300
1.561951,-0.221329,0.96315000
1.942200,-0.821976,-0.0969540
0.637375,-0.535202,-0.4064480
0.246765,-0.466354,-0.1106720
0.019135,-0.555878,0.03778120
-0.064804,-0.405090,-0.235229
0.345779,-0.132446,-0.4262249
2.015594,-0.661835,1.12895249
1.095963,-0.599380,0.01893649
0.577560,-0.502869,0.24676549
0.251434,-0.504272,0.23115549
-0.172379,-0.402481,0.2696089
-0.266327,-0.211853,0.3598799
1.474091,0.742004,-0.05690099
1.695404,-0.490814,0.17562999
0.817261,-0.589798,-0.2038129
0.921539,-0.637146,0.00131229
0.431152,-0.487869,-0.0121929
-0.125717,-0.283981,0.1307689
-0.370926,0.128540,0.23501689
2.029510,-1.071686,-0.1269539
1.418808,-0.701874,-0.2908949
1.360001,-0.672592,-0.2006239
0.908356,-0.515625,-0.1379249
0.260101,-0.361053,0.13690249
-0.304840,-0.211685,0.4531409
-0.072617,-0.124649,0.4127819
1.407501,0.526276,0.569656819
1.743042,-0.376175,0.05821219
0.772141,-0.361511,-0.3284769
0.786926,-0.493973,-0.0080879
0.566559,-0.509567,0.07330379
0.290237,-0.537964,-0.0053109
0.082993,-0.190399,-0.2447669
0.757645,-0.476639,-0.7485059
2.000061,0.077484,0.564896059
1.161957,-0.359070,0.26509159
0.797821,-0.446411,0.20239359
0.469086,-0.347198,0.24531659
0.132278,-0.159454,0.31658959
0.348068,-0.035004,0.53524859
2.029953,-1.045609,-0.4395759
1.289505,-0.646591,-0.3890089
0.757187,-0.607437,0.01590089
0.601715,-0.488358,0.25375489
0.341385,-0.389664,0.06236389
0.484985,-0.167770,0.08688489
0.914795,0.390472,-0.24676589
1.985458,0.658569,0.826584589
1.410797,-0.168259,0.38568189
0.980042,-0.222900,0.09567389
0.516068,-0.522247,0.32136589
-0.115616,-0.176834,0.1660169
-0.371094,0.081985,0.61187769
2.011337,-0.068146,-1.7513899
1.109650,-0.731705,-1.6593329
0.750031,-0.359482,-0.7591099
0.806671,-0.448669,-0.3731849
0.439514,-0.389252,-0.2798619
0.273560,-0.420868,-0.2360999
0.229782,-0.141510,-0.8262639
2.028900,-1.113739,0.34924339
1.171814,-0.528427,-0.0155339
0.766602,-0.412628,-0.0753339
0.356232,-0.536728,-0.1169289
-0.130280,-0.477432,-0.064301
-0.221344,-0.176147,0.1351781
2.012085,-0.487152,0.94702181
1.944061,-0.964188,-0.5198671
0.852264,-0.673843,-0.4053191
0.464340,-0.545166,0.13594191
0.233093,-0.562363,0.25726391
-0.097351,-0.475479,0.0362241
-0.147751,-0.319916,-0.343704
1.994171,0.388794,0.135712704
2.004883,-0.142227,0.67665104
0.938950,-0.483215,0.44668604
0.683167,-0.427643,0.36535604
0.366974,-0.475922,0.33902004
0.015137,-0.332474,0.24066204
-0.188080,0.011581,0.28855904
1.998581,0.302551,-0.56855804
1.380249,-0.432281,-1.1995244
0.715942,-0.392685,-0.5869604
0.459778,-0.442245,-0.1083984
0.130905,-0.587097,-0.0579684
0.009781,-0.567825,-0.0012214
-0.179245,-0.090195,-0.164413
1.142151,1.401489,-0.07461513
2.001831,-0.011322,0.66024813
1.057831,-0.351181,0.29176313
0.769684,-0.115341,0.41888413
0.197845,-0.021072,0.24604813
0.161865,-0.116653,0.25349413
0.944305,0.368912,0.446869413
2.018387,-0.509399,-0.7594153
1.029541,-0.471405,-0.9309233
0.827911,-0.432266,-0.3925023
0.155014,-0.212860,0.05366523
-0.285797,-0.162415,0.2692263
-0.408371,0.174576,0.55528363
2.055298,-1.900589,-1.9658203
0.945389,-0.900375,-1.4511413
0.728333,-0.727203,-0.7587283
0.415237,-0.496399,-0.1759343
-0.021439,-0.252335,0.0798193
-0.266647,-0.032227,0.3669283
1.866394,0.339050,-0.84787083
1.523163,-0.686783,-0.8366553
0.988968,-0.739243,-0.6841283
0.892563,-0.715424,-0.4421543
0.251755,-0.437332,-0.0512083
-0.213608,-0.144012,0.2307283
-0.348694,0.085999,0.32469283
1.998535,0.319870,-0.67080783
1.989120,-0.491135,-0.0495003
1.106216,-0.671707,-0.4817053
0.769073,-0.438309,-0.0451353
0.114334,-0.249268,0.16539053
-0.289230,-0.108475,0.3257603
0.128052,0.217026,0.391068603
2.035873,-1.262283,-0.6764983
1.423630,-0.860413,-0.6056823
1.234772,-0.568726,-0.1096953
0.597427,-0.328339,0.11172553
0.081726,-0.250198,0.25576853
-0.136505,-0.147720,0.3451693
0.674149,0.218399,0.556046693
2.018188,-0.529129,-0.5597533
1.035522,-0.620605,-0.7966613
0.989319,-0.556671,-0.3166813
0.497589,-0.406296,0.05062913
-0.023315,-0.279236,0.2375643
-0.072174,-0.249374,0.2821203
0.552856,0.094147,0.491852203
2.035690,-1.136765,-1.5013283
1.035080,-0.764130,-1.1056213
1.069931,-0.628433,-0.4838103
0.506073,-0.413193,-0.0934753
-0.006470,-0.255341,0.3048863
-0.289383,0.065659,0.60942163
1.657181,0.724655,-0.47949263
1.650925,-0.647308,-0.6517493
0.961517,-0.708542,-0.6024323
1.045410,-0.640411,-0.3924263
0.515015,-0.469513,-0.0252993
-0.194046,-0.140457,0.2172243
-0.528152,0.098816,0.29147343
0.309418,0.770737,0.255524343
1.990067,0.380844,1.405792343
1.511826,-0.447815,0.56904643
1.189743,-0.186142,0.40670843
0.495453,-0.028549,0.36375443
0.041580,0.135513,0.453735443
-0.037582,0.346436,0.67657543
1.987381,0.762695,-0.46380643
1.945877,-0.698364,-0.8935393
0.515503,-0.345428,-0.7449343
0.175873,-0.343033,-0.2862853
-0.105530,-0.229233,-0.134933
0.006180,-0.065460,-0.1340333
1.503876,1.112061,-0.14585933
1.988525,0.432022,1.508118933
1.083160,-0.205750,0.47908033
0.595688,-0.211685,0.39236533
0.103882,-0.206390,0.35238633
-0.225662,-0.044189,0.4908453
0.061432,0.295303,0.712189453
2.059464,-2.077286,-1.9660193
0.967712,-0.740417,-1.3387913
0.369461,-0.574173,-0.5815123
0.263748,-0.536514,-0.0054633
-0.040863,-0.473999,0.1232303
-0.230209,-0.223312,0.1915593
-0.345200,0.251770,0.17005993
2.055832,-2.071640,-0.9316413
1.226593,-0.944122,-0.5709383
1.174866,-0.714981,-0.1940003
0.784195,-0.313660,0.12065103
0.273773,-0.242889,0.20045503
-0.129349,-0.076431,0.3404083
0.565216,0.721832,0.282333083
2.004395,-0.076462,0.35823183
0.958481,-0.632126,-0.2380683
1.121277,-0.523880,0.11756983
0.754868,-0.371231,0.20416383
0.384537,-0.370789,0.20291183
-0.069595,-0.271408,0.2509313
-0.439819,0.248077,0.65258813
2.059464,-2.077286,-1.9660193
0.846268,-0.876328,-0.9880833
0.981552,-0.874283,-0.7310943
0.633179,-0.550003,-0.2214513
0.188278,-0.409241,-0.0125893
-0.192368,-0.128586,0.2182163
-0.432922,0.259766,0.26596163
2.052460,-2.066391,0.02772563
1.286835,-0.915131,-0.3357853
1.154953,-0.588638,0.17222653
0.571350,-0.325043,0.26643453
0.030701,-0.258789,0.34017953
-0.371704,-0.064178,0.3633123
-0.175720,0.402222,0.27938823
2.054367,-2.069351,-0.5137943
0.783752,-0.608200,-0.5926823
0.669693,-0.154877,0.12698423
1.470520,-0.043777,0.11056523
0.840973,0.071899,0.052338523
1.000778,-0.002380,-0.3344123
0.996475,0.060013,-0.36749323
0.801392,0.023132,-0.65409923
0.234711,0.165268,-0.94758623
0.303619,0.098999,-0.87420723
0.272003,0.091339,-0.74098223
0.324783,0.073837,-0.87313823
0.329102,0.038193,-1.02998423
0.229233,0.021561,-0.93612723
0.030792,0.078842,-0.88563523
-0.106506,0.020996,-1.0112303
-0.152527,-0.022781,-1.003754
-0.235001,0.033890,-1.0587464

