0.599747,-0.737503,-0.324158
0.907440,-0.423599,0.3638008
-0.652054,-0.684158,-1.060242
-0.755371,-1.247467,-1.345993
0.217239,-0.539780,0.15881393
0.944778,-0.260040,0.63986293
0.419495,-0.235764,0.51495493
0.399231,-1.371674,-0.6300663
0.587524,-0.405441,0.68232763
0.710907,-1.053177,0.00337263
0.507111,-0.251251,0.50184663
0.853027,-0.108078,0.92684963
-0.549286,-1.545166,-1.981155
-0.249161,-1.176178,-0.309418
-0.185791,-0.440002,0.4467478
-0.776199,-0.969147,-0.031815
-0.898071,-0.707352,0.2872315
1.446335,-0.463226,0.62805215
-0.625916,-0.777191,-1.482925
-1.679916,1.176117,1.34852625
0.833115,0.181747,0.154694625
1.200775,-1.108063,-1.0602575
0.121231,-0.942719,-1.0870515
0.301926,-0.725922,-0.4145815
0.436310,-0.287109,0.24911515
1.147644,-0.231400,0.71516415
0.737106,0.015747,0.155869415
-1.567154,-0.218613,-0.821671
-1.208786,-0.223160,-0.150375
-0.775925,-0.396347,-0.339844
-1.358429,-0.158737,-0.091782
-0.974838,-0.207458,0.3809052
0.024109,-0.270981,0.63037152
-0.187027,-0.445358,-1.467163
-0.475372,-0.659500,-1.623093
-0.292450,-0.189117,-0.472046
-0.764252,-0.472244,-0.941803
-0.892532,-0.317749,-0.303436
-0.636276,-0.502869,-0.327469
-0.760315,-0.222321,-0.950241
-1.067520,0.049438,-0.6585851
-1.600586,0.426666,0.79676851
-0.253235,-0.209381,-0.052994
0.247803,-0.887878,-0.0780944
0.383347,-0.816910,-0.1015474
0.490311,-0.529572,0.16535974
0.395782,-0.765823,-1.8088384
0.295547,-0.424515,-1.2099914
0.393784,-0.381714,-0.1330414
1.008011,-0.355331,0.28364614
0.872467,-0.253952,0.25080914
0.983307,0.353271,0.614594914
1.343857,-0.766678,-1.1397864
0.609116,-1.046768,-1.5234994
-0.742065,-0.303360,-0.283035
-0.670547,-0.604843,-0.208939
-0.160568,-0.912460,-0.243286
0.162262,-0.776306,0.09974786
0.422989,-0.825333,0.11877486
-0.137329,-0.313797,-0.280350
-0.854965,-1.115204,-1.789597
-0.044235,-0.538589,-0.458328
0.248795,-0.749115,-0.4733738
0.467087,-0.849197,-0.2997748
0.278656,-0.784592,0.21633948
0.496552,-0.545929,0.46633948
-0.259521,-0.732010,-1.500122
-0.811249,-0.782852,-1.103210
-0.450912,-0.513901,-0.307816
-0.369934,-0.712570,-0.277405
0.105652,-0.827850,0.10810905
0.434814,-0.727417,0.28164705
0.397217,-0.372818,0.23512305
-0.254303,-0.805389,-1.660889
0.195511,-0.662140,-1.2537699
0.623199,-0.414062,-0.2466289
0.817764,-0.387833,0.26785389
0.949493,-0.314468,0.49664389
0.489883,-0.394226,0.79472489
0.431870,-0.453979,-0.1679999
-0.608704,-0.260422,-0.906509
-1.454971,-0.092438,-0.983505
-0.630127,-0.140457,-0.625000
-0.268036,0.123215,-0.6049190
-0.414337,-0.524216,-0.629044
0.069717,-0.327332,-0.2898254
-0.466324,-0.495895,-0.512436
1.094879,-0.520676,-1.9464876
0.750641,-0.353729,-0.9753426
0.458969,-0.433060,-0.7979896
-0.230591,-0.595978,-0.285172
-0.542099,-0.564484,-0.227600
-0.805420,-0.350037,0.2415010
0.789001,-0.183426,-0.1829990
1.484360,-0.990387,-1.1450650
0.920502,-0.510818,-0.8624880
0.499893,-0.572754,-0.6313630
0.104050,-0.752258,-0.2317200
-0.279877,-0.603302,-0.145233
-1.073563,0.024124,0.14880433
2.025574,-0.930740,0.05824333
1.174133,-0.734085,-0.4248813
0.639130,-0.494202,-0.3411103
0.438416,-0.509384,-0.8537293
0.165009,-0.577942,-0.6441043
-0.224335,-0.595673,-0.394226
-0.204422,-0.763580,-0.192703
0.364655,-0.011002,-0.4785463
1.169525,-0.905487,-0.7640843
0.434998,-0.529083,-0.2859193
0.426941,-0.833618,-0.1207733
0.334824,-0.784698,-0.1709593
0.555923,-1.049347,0.03067093
0.578430,-0.320892,-0.4094703
0.570343,-0.274216,-1.5256653
0.441299,-0.374802,-0.9071043
-0.171082,-0.401215,-0.407288
0.542572,-0.744797,-0.7511298
0.434387,-0.278030,-1.5644848
-0.193054,0.188110,-1.2102208
-0.348923,1.741882,-1.8802808
1.601074,-1.002045,0.92633108
0.659760,-0.266098,0.07612608
1.222916,-0.511368,-0.1827398
2.031387,-1.194122,0.17190698
-0.916260,1.315796,-1.2044078
-0.458847,-0.061752,-1.117661
-0.387421,-0.557877,-0.529572
-0.691116,-0.166367,-0.653656
-0.119919,1.803223,-1.3664866
1.631332,-1.117950,0.31956566
0.708908,-0.602951,-0.2278596
0.714706,-0.551270,-0.5618296
2.035355,-1.254761,-0.5722816
-0.617432,1.215988,-1.0965426
-0.516830,-0.061508,-1.072235
-0.435654,-0.537582,-0.599976
-0.587799,-0.588745,-0.454849
-1.408051,1.242691,-0.7019509
1.977219,1.247940,-0.84703109
1.112305,-0.995758,-0.0242779
0.768951,-0.719833,-0.3649759
0.258835,-0.507721,-0.1992959
2.042114,-1.583694,-0.2804579
0.486847,0.671204,-0.52562079
-0.911133,-0.053909,0.1749889
-0.230576,-0.759644,0.2717139
-0.970566,0.046829,0.82150339
2.007965,-0.173813,-0.0168469
0.313141,-0.009857,-0.6122899
0.556992,-0.320999,-1.5978859
0.005112,-0.001419,-1.1313489
0.055176,2.010376,-1.58139089
1.875565,-0.672409,1.47778389
1.077759,-0.187653,0.50344889
1.873611,-0.672897,-0.2676399
2.000290,0.341019,-1.33990599
-2.019989,0.860535,0.97982899
-0.535172,-0.551727,-0.050278
-0.387192,-0.730484,0.0292668
0.347168,-0.876740,1.74487368
1.028717,0.666931,-1.96875068
-0.594833,0.443024,-1.2211158
-0.447281,-0.069290,-1.008530
-0.637924,0.273743,-0.9206240
0.552673,1.874542,-1.44314640
1.693680,-0.883575,1.11114540
2.014664,-0.534195,0.51353540
1.996750,0.490875,-1.34364340
-0.879684,0.912872,0.35563740
-0.840866,-0.127472,0.1899410
-1.485962,0.444977,1.24745210
2.010056,-0.155075,-0.7687530
-0.078400,0.041672,-0.7733460
-0.324249,0.584641,-1.6907200
0.786591,2.001862,-0.81723000
1.543655,-0.686920,1.22152700
1.260422,-0.388657,0.61532600
1.682907,-0.591522,0.22705100
1.586121,0.173370,-0.82446300
-0.861359,0.906540,-0.3883670
-0.751419,0.333511,-0.5092160
1.372070,1.851608,-1.96514960
1.772858,-0.965103,1.14949060
1.722275,-0.707733,0.69564860
0.161362,0.506454,-0.46936060
-2.034119,1.586197,0.09529160
-0.898758,0.903748,0.25810260
2.013947,-0.313156,-0.8166500
1.231735,-0.774490,-0.3749080
0.432877,-0.546127,-0.6950230
0.159988,-0.400513,-0.6896970
-0.724854,0.571213,-1.0464020
0.052307,1.731491,-1.97329720
1.931396,0.645828,0.682083720
1.825623,-0.002960,2.01208520
1.142014,0.333710,-0.11494420
2.017303,-0.598511,0.18328920
-0.248260,0.653625,-1.1700290
-1.398285,0.736298,-0.9255980
2.007492,0.016205,-1.20295780
2.032455,-1.209137,-0.0336000
-1.636566,0.755508,1.31512500
-0.764832,0.170715,0.53558300
-1.531906,1.795380,0.19599900
2.039429,-1.459991,-0.3484950
0.944504,-0.706024,0.35975650
-0.678665,1.122269,-1.7457280
-0.123291,1.576752,-1.9745640
1.459076,0.000900,1.739090640
1.228928,-0.416000,1.14302140
2.016678,-0.543045,-0.0172580
0.431549,0.319046,-1.42153980
-2.024216,1.011475,1.17576680
0.439011,1.295990,-1.45822180
2.032883,-1.176361,-0.3919980
1.122223,-0.757278,1.17700280
1.532120,-0.739563,0.07008480
1.179001,-0.654236,-0.6877290
-2.033371,1.481766,0.59970190
-0.124146,1.524429,0.08535890
2.034302,-1.379349,0.60316590
1.016785,-0.937653,0.87809890
0.500870,-0.254730,-0.5286710
-0.041260,0.263123,-1.7147370
-0.103516,0.093536,-1.5341490
-0.686737,1.158157,-1.9210510
1.990814,0.301270,1.738800510
2.015213,-0.772156,2.01225310
0.849426,-0.446915,-0.2813570
0.956299,-0.750763,-1.0846560
-0.406097,0.978943,-0.2238160
-1.583008,1.678574,-0.1015010
2.043777,-1.526031,-1.1725620
-0.001999,-0.785721,0.9480740
1.073669,-0.950043,-0.5017550
0.562546,-0.381226,-0.7924190
-1.264313,1.647110,-1.4164730
1.960220,1.843277,0.025345730
1.401535,-1.046310,2.00816330
0.595810,-0.178162,-0.7461700
1.821899,-1.344162,0.01071200
0.921631,-0.119431,-1.3207400
-1.236557,1.361496,-0.3871310
-0.580566,1.934677,0.37336710
2.022522,-1.001526,1.45095810
0.332016,-0.487839,0.04075610
0.938339,-0.669632,0.47079510
0.388962,-0.023651,1.11505110
-0.374451,0.324615,1.07191510
-1.494644,1.320969,1.75695810
1.987976,0.585846,0.593719810
1.301682,-0.645416,-1.9687810
0.147141,-1.090912,0.39827010
1.078873,-1.059357,-0.6956790
0.230942,-0.378815,-0.6716920
-2.032959,1.520340,0.21014420
-0.671616,2.029785,-0.3088380
2.032242,-1.257584,0.36467080
0.566620,-0.823853,-0.0673220
0.993835,-0.738174,-0.1045530
0.735519,-0.387909,0.54396130
0.335953,0.459015,0.670227130
-1.525345,1.840683,1.99412530
1.997925,0.158279,0.637054530
0.462051,-0.270798,-1.9733890
-0.128616,-0.857742,0.0706020
0.334351,-1.216843,0.09144620
-1.000458,0.960999,-0.4865420
-0.455750,2.028748,0.18626420
2.046021,-1.628021,-1.1249540
-0.518661,-0.803528,0.5903630
0.931183,-1.128448,-0.0031590
0.591675,-0.865845,-0.2308500
-0.161530,-0.318481,0.2434840
-1.561005,1.173996,0.96939140
1.281128,1.760330,1.229874140
1.181168,-0.831772,-0.6713870
0.725098,-1.004791,-0.1795650
1.116425,-0.951202,-0.3943480
0.060669,-0.665375,0.10510380
-0.522461,-0.283310,-0.460892
-1.925812,1.086609,0.52290392
2.003006,0.010773,0.162552392
0.761673,-0.498672,-0.0404052
1.319885,-0.723068,0.42825352
0.926544,-0.449936,0.69210852
-0.373520,0.007050,0.68580652
-1.483612,0.763580,0.36056552
-0.702240,1.869064,-1.1381232
2.037430,-1.400497,-0.1740882
0.722412,-0.873306,0.27442982
0.361618,-1.094528,-0.1380772
0.354889,-1.089828,-0.2082212
-0.328751,-0.380936,-0.281601
-2.020905,0.989105,0.35369901
1.202072,1.988815,-1.90463301
2.027954,-1.149567,0.87808201
0.709137,-0.387024,0.80484001
0.600677,-0.248123,1.19494601
-0.149414,0.081436,1.40121501
-1.196701,1.081421,0.79223601
0.354614,2.007431,-1.16757201
2.043884,-1.622787,-0.5327611
0.484833,-1.085144,0.15876811
0.301682,-1.036713,0.08758511
0.067749,-0.842026,0.11564611
-0.741364,-0.120438,-0.029541
-2.002319,0.994827,-0.5471191
1.957535,1.985153,-0.16827491
2.016403,-0.822769,2.01219291
0.729980,-0.408279,1.16241591
0.807831,-0.479263,0.94654891
0.520264,-0.419586,0.97021591
-0.573105,0.113342,0.44607591
-1.379089,0.285110,-0.2705381
-1.593933,1.397827,-0.1291961
1.995682,0.055618,2.013184961
-0.620804,0.267487,0.72941661
0.194824,-0.106796,1.44784561
-0.130203,0.470886,0.82617261
-0.832489,1.056427,0.45352261
-1.124542,1.765961,0.46240261
1.970947,1.302658,0.627640261
1.774109,-1.619370,0.70648261
0.046188,-0.738647,0.26757861
0.176132,-0.874237,0.74253861
0.438675,-0.819305,0.36628761
0.558105,-0.819809,0.10501161
-1.040985,0.327698,-0.3054501
-1.026016,1.828323,-0.7203221
2.022552,-1.082825,2.01190221
-0.012939,0.396042,0.57063321
-0.242081,0.766632,0.85119621
-0.679932,1.019943,0.79335021
-0.732437,1.292603,0.22749321
-1.544662,2.046036,-0.0939791
2.020844,-0.998886,1.93115291
0.696030,-0.748306,-0.9070131
0.081284,-0.661133,-0.5151671
-0.634445,-0.316406,-0.147018
-1.023392,0.175705,-0.1009988
-1.534988,0.906723,0.06333988
0.342972,2.011963,-0.36894288
2.031097,-1.428833,1.90046788
-0.231689,0.060654,0.96821688
-0.483841,0.342163,0.84626888
-0.584702,0.621063,0.91226288
-0.673584,0.887817,0.41824388
-1.205124,2.041000,0.06095988
-0.849915,2.038773,0.78193788
0.510666,-0.568161,-0.6624458
0.054474,-0.757797,-0.3109288
-0.479675,-0.594727,0.0658728
-0.582489,-0.374252,-0.038651
-0.943497,0.088852,0.05519151
-2.044449,2.054504,-0.1223301
1.959900,1.981461,-0.84326201
2.045532,-1.688461,-0.5601201
0.549225,-0.901947,0.11166401
0.386063,-1.004700,0.40957601
0.006638,-0.641632,0.28501901
-0.793869,0.279221,-0.0381161
-2.045074,2.036377,0.19223061
0.844894,2.003174,-0.39123561
2.042358,-1.703568,0.48494061
0.429886,-0.861435,0.07008461
0.370422,-0.877014,0.66676361
-0.285675,-0.308105,0.6644901
-0.908905,0.482056,0.40654001
-2.040878,2.048965,-1.1362611
2.000793,0.031418,0.672943611
0.761810,-0.790543,-0.0738831
0.106995,-0.878677,0.06907731
-0.407669,-0.567444,0.0215611
-1.267517,0.238495,0.09140011
-1.998993,1.060852,-0.2557981
2.011230,-0.426529,0.77859581
0.776077,-0.962387,0.67009081
-0.521912,-0.207260,0.5823521
-0.967148,0.417175,0.69928021
-1.021408,0.827118,0.55921921
-1.539612,1.685989,-0.2415011
0.766891,1.493546,0.159866011
2.042084,-1.654404,0.22203111
0.023331,-0.897354,0.01692211
-0.207611,-0.882416,-0.157806
-0.586884,-0.434784,-0.052399
-1.088760,0.277420,-0.0272529
-1.745087,1.152679,-0.0749059
1.989822,0.504578,0.616989059
1.414642,-1.173767,1.05062959
-0.571930,-0.180923,0.7028509
-0.734863,0.031509,0.75865209
-1.108627,0.447342,0.32150309
-0.902878,0.490341,0.30821209
-1.770386,1.431686,0.24864209
1.993042,0.445999,0.070511209
2.037994,-1.227325,-1.5462499
0.156830,-0.652832,-0.0228429
-0.254471,-0.679657,0.1216749
-0.728516,-0.155243,0.1837779
-1.018646,0.741013,0.05751079
-1.837418,1.855667,-0.2703409
1.990524,0.434601,0.891586409
2.031113,-1.264420,0.74940509
0.365021,-0.834091,0.51582309
-0.092987,-0.368896,0.3149579
-0.812851,0.448700,0.04962279
-1.579865,1.604446,-0.2213759
-1.213501,1.608536,0.05549659
2.038681,-1.766708,2.01112459
0.645981,-0.737335,0.77380459
-0.337372,-0.452209,0.4526379
-0.747787,-0.176468,0.2303629
-0.979446,0.235550,0.10093729
-1.184586,0.910019,0.14048829
-1.543137,1.836411,0.04403729
2.003616,-0.280823,2.01280229
0.996246,-0.942139,0.89936829
-0.195221,-0.456253,0.1593489
-0.564026,-0.009872,0.0680549
-0.873154,0.635361,0.06507949
-2.042740,2.051865,-0.6064009
1.956512,1.977188,0.192062009
2.016998,-0.743378,1.28372209
-0.283447,0.295959,1.01495409
-0.538361,0.849640,0.39563009
-0.697372,0.940826,0.42108209
-0.573868,1.017212,0.44722009
-1.434692,2.043823,-0.1527409
1.234848,0.278870,1.784851409
1.347580,-0.861908,0.16037009
0.055756,-0.455170,-0.4868169
-0.903000,-0.156006,0.2177899
-0.741821,-0.119720,0.1038829
-1.369431,0.996094,0.60505729
-1.562744,1.514923,-0.0265819
2.028992,-1.282166,1.49642919
1.107437,-0.883392,0.92448419
-0.035019,-0.400101,0.7817999
-0.590988,0.351578,0.59336999
-0.823868,0.913895,0.35501199
-1.390244,2.044022,0.02673399
-0.753113,2.034454,0.29162699
2.042145,-1.874405,1.73632899
0.490814,-0.692261,-0.0072179
-0.267609,-0.568207,0.3263099
-0.807846,0.192322,0.35711799
-1.031387,1.307297,0.15654099
-1.646164,2.045593,-0.5007489
2.010757,-0.583572,2.01246689
1.121048,-1.282593,2.00616589
-0.800415,0.216904,0.89094589
-0.725403,0.463806,0.73782389
-0.797958,0.601028,0.37619089
-0.822784,1.071198,0.09417789
-1.569122,2.044846,-0.3902289
1.988159,0.464142,1.389328289
2.036743,-1.535187,0.97016989
-0.121368,-0.573883,0.2930609
-0.398117,-0.372665,0.4777079
-0.559250,0.157837,0.09462079
-1.306747,1.309509,-0.1304789
-1.240417,1.133041,-0.2617959
1.393692,1.386902,0.971970959
1.092209,-0.766159,2.00471559
-0.534470,0.180634,0.72108559
-0.547272,0.163727,0.85830759
-0.751190,0.862671,0.65539659
-1.339203,2.039978,-0.5563819
-0.712433,2.036011,0.71067819
2.040771,-1.855042,2.01101719
-0.213715,0.002335,0.69261219
-0.761032,-0.237320,-0.054153
-1.011642,0.040543,0.26217753
-1.191360,0.512070,0.28604153
-2.044998,2.055374,0.03640753
1.590042,1.785385,-0.48538253
2.037720,-1.156158,-1.9649663
0.223236,-0.928467,0.22555563
-0.240784,-0.781540,-0.323471
-0.737595,0.070267,-0.1558841
-1.889389,1.593613,-0.4599461
-0.743698,1.290497,-0.1972201
1.728668,-1.012924,-1.9666601
-0.143265,-0.530945,0.0913851
-0.201859,-0.787491,-0.199524
-0.614777,-0.755875,0.2917944
-0.784317,-0.678635,0.6415104
-1.050095,-0.488434,0.8407904
-0.751053,-0.355698,-0.446793
-0.074875,-1.326675,0.4881743
0.266937,-0.946747,0.46929943
0.212326,-0.956909,-0.1193393
-0.186584,-1.037704,-0.367294
-0.328293,-0.162262,-0.204361
-0.861435,0.989166,0.21365461
-2.049286,2.062042,1.25683661
2.029861,-0.844666,-1.8107301
2.038651,-1.741806,1.84555101
-0.854630,0.111542,-0.6007081
-0.621948,-0.159134,-0.015228
-0.536392,0.145462,0.08110028
-1.350677,1.971634,0.71162428
-0.338867,1.499176,0.60318028
1.372528,-1.945374,-1.9700168
-0.018066,-0.723557,-0.816833
-0.618210,-0.035965,-0.527390
-0.740448,0.693802,0.10588190
-1.007446,1.693466,0.82046590
-0.683594,1.668991,0.82046590
1.829147,-2.073318,-1.9674070
0.045670,-0.703705,-0.9800570
-1.022217,0.362122,-0.3023830
-1.015839,0.801514,0.24852030
-0.800323,0.830078,0.34433030
-0.728607,1.695511,0.62445130
-0.788742,1.539062,0.67062430
0.926788,-1.697586,-1.9723970
-0.193893,-0.834015,-1.071289
-0.772995,0.085846,-0.5096749
-0.736649,0.738922,-0.1647809
-0.723831,1.479523,0.14497409
-0.851120,2.043671,1.68484509
1.137711,0.379532,-1.19120809
-0.246735,-1.201691,-1.715912
-0.581726,-0.286942,-0.589798
-0.750275,0.333786,-0.2676548
-0.941849,1.248306,0.17256248
-1.128922,2.046127,1.24972548
0.157745,1.010971,-0.02168348
-0.008347,-1.019409,-1.919739
-0.660416,-0.165466,-0.756699
-0.871902,0.133438,-0.2783819
-0.758621,0.654648,-0.0345159
-0.870667,1.337219,0.51403859
-1.080505,1.863129,0.95855759
1.171051,0.401764,0.089828759
0.832047,-1.592880,0.39497459
-0.266342,-0.799118,-0.172668
-0.936111,-0.162628,-0.378510
-1.061340,0.789993,0.17225610
-1.143112,1.687393,1.28617910
0.615356,1.103470,-1.27038610
-0.509155,-0.356064,-1.577133
-0.907150,0.359512,-0.4166263
-0.821228,0.270966,0.00065663
-0.951096,0.695419,0.09875563
-0.924911,1.552383,0.86462463
-0.469955,0.717041,0.49618563
2.025818,-0.955032,0.15170363
0.611481,-1.089813,0.97966063
-0.518616,-0.447891,0.1262213
-1.116058,0.029602,-0.0754553
-1.082825,0.214554,0.10319553
-0.906189,0.352997,0.21939153
-0.924728,1.315491,0.72407553
-0.267151,1.267578,-0.1602783
-0.708466,-0.237717,-1.980438
-0.512238,-0.535233,-1.147842
-0.480713,-0.468872,-0.511536
-0.565750,-0.119339,0.1867526
-1.182587,0.973206,0.27012626
-1.272110,1.380997,0.72302226
0.437332,0.343063,0.469055226
1.436905,-1.395554,0.65211526
0.608627,-1.176254,0.39802626
-0.095871,-0.982025,-0.056931
-0.710556,-0.068863,0.0680851
-0.846954,1.441299,0.02243051
-0.735733,1.935364,0.18833951
0.515289,-1.074371,-1.9740911
-0.012207,-1.003281,-0.598984
-0.382187,-0.874023,-0.448151
-0.860107,-0.325104,-0.278900
-1.010361,0.354660,0.00740100
-1.398163,1.041199,0.96629300
0.111176,0.462845,0.477966300
1.228271,-1.509109,0.26789900
0.358780,-1.048615,0.08889800
-0.712509,-0.541122,-0.119522
-1.046860,-0.080612,-0.059601
-0.969177,-0.009552,-0.064850
-0.987915,0.890900,0.35009850
-0.736588,1.040695,0.59822150
0.994339,-1.487427,-1.9717100
-0.162155,-0.865753,-0.965927
-0.617081,-0.662155,-0.548630
-0.947006,-0.169876,-0.285080
-1.045425,0.514923,-0.0062260
-0.525146,0.997849,1.24328660
0.569153,-0.692307,-0.8658290
-0.210068,-1.181198,-1.111740
-0.012115,-0.956161,-1.247604
-0.135056,-0.782791,-0.583847
-0.277847,-0.555634,-0.498703
-0.337448,-0.634003,-0.868317
-0.165573,-0.643661,-0.638397
-0.119431,-0.721191,-0.704453
-0.108856,-0.748383,-0.743393
-0.193451,-0.735947,-0.728302
-0.199249,-0.774185,-0.482925
-0.127090,-0.676270,-0.490173
-0.065186,-0.571686,-0.404907
0.069107,-0.615341,-0.7070777
0.129730,-0.596085,-0.8089457

