0.006424,-0.042084,-0.951187
0.011383,-0.037491,-0.998901
0.010376,-0.036453,-0.998901
0.009567,-0.043396,-0.996948
0.007507,-0.039398,-0.997940
0.010452,-0.039429,-0.995972
0.007416,-0.035431,-0.998917
0.014435,-0.042480,-0.998886
0.026169,-0.041702,-0.998810
0.004517,-0.028748,-1.055405
-0.063431,-0.023178,-0.979843
0.070496,-0.051407,-0.9985503
0.037277,-0.013123,-1.0016173
-0.001602,-0.012939,-1.088547
-0.226486,0.062881,-1.1726077
-0.579208,0.179016,-0.8190777
-0.783188,0.037704,-0.6363987
-0.823929,-0.138718,0.1822367
-0.783920,-0.023666,0.2985387
-0.483063,-0.191360,1.4446117
-0.482742,0.055618,1.07090817
-0.532822,-0.118210,0.8677837
0.052109,-0.227371,0.16114837
0.354141,-0.517746,0.08271837
-1.981522,-0.617249,-0.086395
-1.108780,-0.652817,-0.940231
-0.226593,-0.732254,-0.519073
0.052887,-0.580627,-0.2113653
0.332031,-0.534882,-0.2183693
1.147339,-0.570297,-0.3108673
-0.810745,-0.692108,-1.017380
-1.073456,-0.609177,-0.099380
-0.132538,-0.668610,-0.378174
-0.287094,-0.579269,-0.493927
-0.207916,-0.484573,-0.527420
-0.188675,-0.361801,-0.697601
-0.521408,-0.343460,-0.938202
-1.194321,-0.529510,-1.715912
-0.554306,-0.103119,-0.998520
-0.534149,-0.162613,-0.745224
-0.553329,-0.316620,-0.664688
-0.172165,-0.264542,-0.458740
-0.206909,-0.010834,-0.069031
-1.108627,-0.098007,-1.088547
-0.889969,-0.483765,-1.640961
-0.501740,-0.084183,-0.448822
-0.620209,-0.127808,-0.452530
-1.021896,-0.035904,-0.519104
-0.935501,-0.107559,-0.651154
-0.984177,-0.094620,-0.250137
-0.960464,0.024429,0.01309237
-1.055862,0.128082,-0.0204167
-1.030197,0.103882,-0.1946567
-1.042664,-0.001099,0.1635597
-0.984924,0.577118,0.49484397
-0.805328,0.222580,0.27243097
-0.929932,0.353745,0.27963397
-1.089478,0.421738,0.05082797
-0.957962,0.485703,-0.1791087
-0.879318,0.410782,-0.0180057
-0.891174,0.371796,-0.2976687
-0.801147,0.658844,0.05091987
-0.616562,0.603790,-0.5509037
-0.562454,0.518234,-0.6003577
-0.593842,0.523590,-0.6327067
-0.595093,0.573334,-0.6092687
-0.571671,0.604263,-0.5000007
-0.628799,0.686111,-0.4106147
-0.651962,0.746368,-0.3532267
-0.504456,0.731613,-0.4088297
-0.478790,0.838669,-0.3423007
-0.585831,0.771851,-0.3810277
-0.535385,0.832581,-0.3640757
-0.564850,0.885330,-0.4313967
-0.601242,0.599686,-0.7105417
-0.770477,0.528885,-0.5821237
-0.509781,-0.032104,-0.752686
-0.322067,-0.084488,-0.845139
0.157181,-0.232468,-0.4479379
-0.786316,-0.218521,-1.980896
0.375946,-0.400253,-1.9740756
-0.095612,-0.191879,-0.720200
0.106812,-0.394043,-0.9451900
-0.133316,-0.194336,-0.561661
-0.134583,0.003174,-1.2812191
0.007004,-0.095703,-1.3223571
0.068436,-0.203918,-0.7727661
0.061951,-0.295380,-0.8255311
0.106232,-0.251862,-0.8934021
0.097549,-0.286911,-0.9801641
0.177536,-0.316940,-0.9592741
0.138916,-0.304199,-0.9254151
0.087036,-0.303406,-0.9452061
0.150421,-0.243210,-0.9866181
0.162491,-0.269699,-0.8911291
0.055237,-0.388382,-0.7993931
0.024429,-0.188828,-0.3220521
-0.179779,-0.264679,-1.977280
0.042557,-0.476746,-0.4859620
0.106613,-0.621231,-0.7565160
-0.028137,-0.641953,-0.438858
0.178162,-0.429230,-0.0711068
0.250809,-0.476974,0.50584468
-1.367065,0.292953,-0.9824688
-0.907349,-0.532074,-1.087875
-0.556763,-0.438492,-0.824615
-0.390289,-0.533051,-0.717545
-0.109085,-0.562653,-0.525955
0.222565,-0.432404,-0.1468205
0.746292,-0.573044,0.09965505
-1.888199,0.309418,-1.9868935
-0.414413,-0.655380,-0.848373
-0.036102,-0.692459,-0.626968
0.190918,-0.780151,-0.5244148
-0.012085,-0.767242,-0.255829
-0.147415,-0.727936,-0.203033
-0.110138,-0.765503,-0.244736
0.068970,-0.695038,-0.4042516
0.630859,-0.920502,-1.5884706
-0.779449,-0.299210,-0.551102
-0.362656,-0.253235,-0.990723
-0.124313,-0.324142,-0.868576
-0.126465,-0.419037,-0.442108
0.046143,-0.408417,-0.8637708
0.513901,-0.604721,-1.3598638
0.529358,-0.592636,-1.0948498
0.165710,-0.667313,-1.3873908
0.109283,-0.446487,-0.7319348
-0.196793,-0.275269,0.2355508
-0.013733,-0.185425,1.1007088
0.035751,-0.205109,1.66008088
-0.369217,0.249130,0.33743388
0.756958,-0.826370,-1.5788278
0.520828,-1.108063,-0.4789898
0.707291,-0.787308,-0.1969308
0.991592,-0.529114,-0.9010478
0.709198,-0.169296,-1.3133398
0.142349,0.028839,-0.78858998
1.145981,-0.841049,-1.2112128
0.563217,-0.184052,-1.2070928
-0.161423,-0.229721,-0.407013
-0.138550,-0.316818,-0.477112
0.873459,-0.766006,-1.9715272
0.061646,-0.378815,-1.0262912
0.041534,-0.569962,-0.1120612
0.170486,-0.465286,-0.1569372
-0.089676,-0.299301,-0.569336
0.446899,-0.538803,-1.1264346
0.111038,-0.508911,-0.5255136
0.197174,-0.401855,-0.0865486
-0.109528,-0.264130,-0.732056
-0.222885,-0.293579,0.2509316
-0.054977,-0.216629,-0.395630
0.336624,-0.613754,-1.0278320
0.231705,-0.623703,-0.6369320
-0.102982,-0.471924,-0.058273
1.787003,-1.283813,-1.9666443
0.110443,-0.514664,-0.3044283
0.187439,-0.603424,-0.1462863
0.022202,-0.490189,-0.4656523
0.285309,-0.620911,-0.8645173
0.088226,-0.527222,-0.3143313
0.795242,-1.395676,-1.9728093
0.189194,-0.507950,-0.4636693
0.088379,-0.393326,-0.1388243
-0.150085,-0.124893,-0.432129
0.330597,-0.607666,-1.0220349
0.135422,-0.546967,-0.5127569
-0.006210,-0.469376,-0.010941
0.025467,0.009094,-1.14387541
0.039810,-0.474548,-0.2668301
0.388977,-0.755402,-0.4520571
0.294327,-0.500214,-0.9003601
0.192474,-0.507568,-0.5669101
0.066132,-0.419754,-0.3250431
0.137924,-0.095444,-1.2222141
-0.020889,-0.459625,-0.087952
1.923035,-2.025314,-1.9667662
0.428329,-0.621353,-0.8558812
0.457962,-0.636566,-0.8216252
0.263046,-0.518906,-0.7885592
0.166565,-0.568771,-0.5944062
0.465256,-0.544312,-0.4367222
0.132706,-0.355774,-0.7589572
-0.048950,-0.383057,-0.151337
1.667191,-0.815430,-1.9667667
0.392853,-0.549149,-1.0118417
0.342911,-0.602814,-0.6401377
0.159088,-0.545715,-0.5700847
0.194427,-0.510849,-0.2483987
0.129639,-0.077362,-1.2095797
-0.021683,-0.299942,-0.102356
0.748825,-0.173889,-1.1183016
0.405533,-0.526718,-0.8597876
0.303635,-0.554642,-0.6627046
0.210236,-0.526627,-0.1840366
0.270355,-0.222885,-1.2478646
0.014175,-0.377548,-0.0291906
1.979004,-1.657196,-1.9659736
0.317520,-0.551727,-0.4434816
0.387070,-0.618027,-0.5570986
0.462799,-0.526474,-0.9967806
0.157181,-0.478683,-0.4745486
0.535934,-0.779419,-0.5719916
0.257095,-0.459793,-0.8849496
-0.088257,-0.328506,0.0900276
0.785049,-0.169678,-1.1424266
0.339600,-0.460556,-0.9458166
0.303375,-0.610260,-0.4884346
0.425980,-0.509521,-0.3658146
0.212219,-0.377945,-0.9347996
-0.124664,-0.341599,-0.062119
2.039246,-1.220688,-1.9650429
0.394592,-0.531067,-0.7829139
0.272568,-0.595688,-0.4613349
0.133209,-0.424423,-0.4278879
0.424408,-0.301895,-1.0571149
0.060837,-0.408524,-0.2860879
1.363480,-1.596649,-1.7261209
0.265213,-0.637985,-0.5997319
0.158783,-0.534164,-0.2710429
0.184174,-0.447861,-0.5590679
0.598572,-0.367142,-0.8223729
0.245789,-0.381638,-0.4095929
0.070435,-0.407806,0.05874629
0.250351,-0.136139,-0.8670509
0.079880,-0.407593,-0.4194189
0.620102,-0.910095,-0.8005229
0.245148,-0.443481,-0.6551369
0.303589,-0.643677,-0.6102299
0.524750,-0.799820,-0.8915569
0.669556,-0.425964,-0.8317579
0.529709,-0.515823,-0.2824109
0.544525,-0.613922,-0.2133039
0.028793,-0.589813,0.02903739
0.443237,-0.304199,-1.9735419
0.002930,-0.838486,-0.7194529
-0.293259,-0.597305,0.0027479
-0.568832,-0.381882,0.6130079
-1.201569,0.371017,1.68739379
2.054642,-1.872803,-1.9657909
-0.152634,-1.113037,-0.614563
-0.291626,-0.735733,-0.091904
-0.408096,-0.411163,-0.070755
-1.207855,0.153900,0.41500955
-1.384033,0.315216,0.69662555
-0.508911,-0.152420,0.1217965
-0.149933,-0.693298,-1.148758
-0.649048,-0.399063,0.1128398
-0.898926,-0.345932,0.3373578
-0.998932,-0.188950,0.4207158
-1.032043,-0.113968,0.4235388
-1.022522,-0.173538,0.6309818
-0.097427,-1.083145,-0.050247
-0.255325,-0.697922,-1.238037
-0.773010,-0.161102,0.0578467
-1.098618,-0.019104,0.3239147
-1.051895,0.016525,0.45669647
-0.939636,-0.084854,0.4153757
-0.748505,-0.317169,0.2652597
1.631226,-2.066956,-1.4241337
-0.457016,-0.599655,-0.223236
-0.947891,-0.404007,0.4460756
-0.880753,-0.276169,0.2703556
-1.061569,-0.077347,0.4983986
-0.977432,-0.149475,0.4569406
-0.577438,-0.583344,0.2104346
0.353485,-1.298325,-1.5253756
-0.373459,-0.622513,-0.147751
-1.106781,-0.066284,0.7484741
-1.057129,0.070801,0.75575341
-1.022842,-0.063919,0.5346981
-0.835342,-0.331512,0.2695771
-0.357712,-0.939026,-0.284439
-0.252991,-1.065186,-0.526489
-0.505646,-0.732620,-0.562653
-0.850845,-0.262543,0.3134313
-1.005341,-0.067795,0.6068733
-1.018173,-0.099579,0.5619513
-0.895309,-0.330215,0.3169563
-1.000015,-0.232346,0.4683843
-0.513916,-0.487411,0.1710053
1.088791,-1.920639,-1.9717103
-0.495239,-0.513763,-0.239914
-0.977295,-0.239166,0.7490234
-1.102325,0.008087,0.93754634
-0.869400,-0.166962,0.5014044
-0.253311,-0.817947,-0.126831
-0.102081,-1.033463,-1.332977
-0.528809,-0.461975,0.0569927
-0.918686,-0.159943,0.5390937
-1.052246,0.031952,0.74209637
-0.980103,-0.050659,0.5573737
-0.667160,-0.593918,0.1670237
-0.470093,-0.593353,-0.750244
-0.863022,-0.343506,0.7145084
-1.048569,-0.068817,0.6445924
-0.996826,-0.155197,0.4363564
-0.846237,-0.332138,0.3045964
-0.440323,-0.618195,-0.110184
-0.007111,-0.916687,-1.270905
-0.591827,-0.341583,0.4687655
-0.927673,-0.135086,0.7007605
-1.004150,-0.122238,0.6340795
-0.900467,-0.283295,0.3559425
-0.780670,-0.451431,0.2863315
-0.638870,-0.478760,0.2705695
0.841827,-1.661346,-0.8605505
-0.386917,-0.484329,-0.322998
-0.740326,-0.413971,0.5544598
-0.888763,-0.273285,0.5907598
-1.016418,-0.138077,0.6047528
-0.907532,-0.204285,0.4465798
-0.590134,-0.497925,0.1841748
0.732010,-1.600098,-1.2614448
-0.420883,-0.738068,-0.381958
-0.724030,-0.632675,0.1559148
-0.560211,-0.745422,0.0135808
-0.675323,-0.638367,-0.007401
-0.999100,-0.200165,0.5482941
-1.184540,0.189911,1.09509341
-0.524948,-0.434631,0.1700291
-0.116287,-1.073196,-1.204559
-0.676483,-0.524994,0.4105539
-0.992004,-0.189545,0.7003029
-1.027878,-0.055405,0.8083659
-0.815186,-0.213882,0.4344489
-0.345886,-0.737152,0.0275579
0.038727,-1.128326,-1.1803139
-0.507370,-0.395111,0.1964729
-0.885757,-0.125900,0.7010199
-1.050446,0.103043,0.87173599
-0.926544,-0.080276,0.5713049
-0.248901,-0.841751,-0.111252
-0.247635,-0.683899,-1.005173
-0.538269,-0.262085,0.2977603
-0.952042,0.034653,0.64630103
-1.000275,0.128265,0.92565903
-0.937271,0.017075,0.74081403
-0.473114,-0.443970,0.2609253
1.136414,-1.862915,-1.9713293
-0.371155,-0.589111,-0.197372
-0.977554,-0.142990,0.7355042
-0.883194,0.030746,0.88046342
-0.877045,-0.041595,0.7235872
-0.806656,-0.190063,0.6488192
-0.698547,-0.340897,0.4388892
0.569931,-1.248505,-0.9775702
-0.304367,-0.699753,-0.632507
-0.743027,-0.230392,0.3657237
-0.886780,-0.084152,0.7117927
-0.915543,-0.051987,0.8830877
-0.792191,-0.215363,0.6011667
-0.326523,-1.125061,-0.091614
-0.355728,-0.454132,-1.061050
-0.680923,-0.211807,0.6972960
-0.859009,-0.005600,0.6497190
-0.967712,0.005295,0.84872490
-0.898483,-0.003586,0.7127990
-0.713760,-0.252655,0.5597080
0.656357,-1.108887,-0.5677950
-0.173080,-0.612473,-0.951065
-0.666443,-0.256805,0.4966745
-0.855103,-0.078476,0.5775765
-0.962219,0.073212,0.77191265
-0.886688,-0.033051,0.6203005
-0.628418,-0.475586,0.3407905
0.496353,-1.476700,-1.3922735
-0.458832,-0.520340,-0.240677
-1.204483,0.011169,0.99827677
-0.925781,0.100616,0.81794777
-0.917526,0.120483,0.84918277
-0.743042,-0.083801,0.5042117
-0.622726,-0.690399,0.4486547
0.111755,-1.150589,-1.7633217
-0.418045,-0.493164,-0.035858
-1.057236,-0.110992,0.8948218
-0.876068,0.025452,0.83958418
-0.859955,0.012100,0.79972818
-0.928360,-0.119690,0.7962198
-0.006699,-0.737366,-0.030731
1.016922,-1.614822,-1.9717411
-0.424347,-0.411514,-0.189697
-1.048294,-0.122375,0.6513527
-1.005203,-0.021011,0.8182837
-0.971771,-0.098389,0.7453617
-0.425705,-0.122559,0.2197277
1.940369,-1.805344,-1.9664007
-0.041534,-0.522995,-0.495285
-0.702805,-0.616669,0.4346165
-0.703705,-0.574142,0.4054575
-0.718109,-0.618896,0.3400575
-0.670395,-0.697784,0.3977055
-0.697906,-0.217850,0.2598425
0.288559,-0.053284,-0.2813265
0.909027,-0.742889,-1.0644685
1.165588,-1.134949,-1.1919865
0.681488,-0.839676,-0.6062475
0.214203,-0.666092,-0.0906835
0.090240,-0.705856,0.05166635
0.773666,-0.996109,-0.9886785
0.280365,-0.706024,-0.8412785
0.039948,-0.652496,-0.5173495
0.045212,-0.773773,-0.3606725
-0.035400,-0.737946,-0.229630
-0.148010,-0.519058,0.2569270
0.262009,-0.640793,-0.2091830
-0.158752,-0.130707,-0.436081
0.441116,-0.714569,-0.8062591
0.435379,-0.865494,-0.6632841
0.363861,-0.840393,-0.8380281
-0.034164,-0.553955,-0.142700
-0.185867,-0.466248,0.3610080
0.333496,-0.599319,-0.2028500
-0.100235,-0.319000,-0.205109
0.248520,-0.697067,-0.7557689
0.272003,-0.784592,-0.7167669
0.164703,-0.744141,-0.5537579
0.116425,-0.804672,-0.3456579
-0.120987,-0.598923,0.0661019
0.059387,-0.493958,-0.1264659
-0.372498,-0.090393,-0.085724
0.483582,-0.831192,-0.9571084
0.355743,-0.891037,-0.6891334
0.135681,-0.693375,-0.4350284
0.110367,-0.760712,-0.3067024
-0.096085,-0.614334,0.0496834
0.502884,-1.285400,-0.3079074
0.065063,-0.555099,-0.2239074
0.365158,-0.830780,-0.7055664
0.408112,-0.906921,-0.7044074
0.182510,-0.721237,-0.4805604
-0.022156,-0.648361,-0.133987
-0.084824,-0.448013,0.2009287
0.393387,-0.509094,-0.5773777
0.485733,-0.865921,-0.7671977
0.385269,-0.912750,-0.5750277
0.260178,-0.754990,-0.6047827
0.087357,-0.737579,-0.3223727
0.036728,-0.680695,-0.2388617
-0.176910,-0.362244,0.1751407
0.145233,-0.611359,-0.6481787
0.339828,-0.751099,-0.7289897
0.291443,-0.835846,-0.5959477
0.186966,-0.816895,-0.5439617
0.142853,-0.795486,-0.3961497
-0.010406,-0.751572,-0.284027
-0.088989,-0.486969,-0.041641
2.059464,-2.077286,-1.9660191
0.427307,-0.844345,-0.4500121
0.261749,-0.802811,-0.4528961
0.189560,-0.767105,-0.5000311
0.049606,-0.639450,-0.2747651
-0.108643,-0.411789,0.0372011
0.471832,-0.462723,-0.9235841
0.537643,-0.719788,-0.9147641
0.187927,-0.732040,-0.2643131
0.864075,-0.959793,-1.3231351
0.421097,-0.821335,-0.8016201
-0.021362,-0.557114,-0.138718
0.016068,-0.411499,-0.0633248
0.177094,-0.711716,-0.3890238
0.219727,-0.558929,-0.4392098
0.279266,-0.738693,-0.2832348
0.535202,-0.834091,-1.1409008
0.106583,-0.612381,-0.2256778
-0.127457,-0.312958,0.2709668
0.448410,-0.433792,-1.1535808
-0.058990,-0.427063,-0.056961
2.059464,-2.077286,-1.9660191
0.350327,-0.707230,-0.6587371
0.239594,-0.770905,-0.4948731
0.213120,-0.680832,-0.2494661
0.124939,-0.601395,-0.5167691
-0.215012,-0.242538,0.1741031
-0.290924,-0.046310,-0.473801
0.143539,-0.604477,-0.4825901
0.268112,-0.764877,-0.5716401
-0.093063,-0.453613,0.0625761
2.059464,-2.077286,-1.9660191
0.090683,-0.529373,-0.1555481
0.012802,-0.220779,0.15507581
0.118439,-0.538528,-0.4767911
0.126602,-0.607590,-0.3794711
0.077820,-0.570663,-0.1235351
0.101044,-0.558289,-0.6999971
-0.215424,-0.308960,0.1837621
0.621140,-0.669357,-1.0437161
0.223511,-0.623993,-0.5308381
0.216507,-0.669189,-0.4685971
0.094299,-0.540985,-0.2714541
0.021774,-0.358353,-0.6709901
0.137863,-0.585037,-0.3900761
-0.090652,-0.322083,0.1718291
-0.174652,-0.111938,-0.502396
0.073425,-0.566544,-0.2940226
0.361435,-0.818985,-0.5545966
0.473007,-0.765762,-1.1830756
0.057358,-0.543701,-0.3408206
0.029175,-0.436203,0.00196806
0.058350,-0.464371,-0.8978586
-0.034897,-0.419342,-0.572067
-0.033463,-0.563049,0.0111547
0.927643,-0.405792,-1.9707497
0.212341,-0.601746,-0.8571627
-0.102509,-0.695389,-0.095566
-0.167419,-0.872009,0.0586556
0.121872,-1.099762,-0.7697146
-0.236862,-0.772034,-0.385757
-0.486679,-0.436737,0.4546667
-0.248199,-0.690369,0.3661967
0.425003,-1.379013,-1.5396587
0.020706,-0.945694,-0.3074957
-0.209976,-0.722733,0.0079507
-0.253815,-0.680679,-0.066269
-0.437454,-0.668777,0.2696089
-0.117889,-0.871384,-0.400742
0.498016,-0.590881,-1.9735722
-0.088806,-0.661728,-0.615570
-0.152740,-0.800400,0.1387020
-0.164780,-0.734009,0.6315610
-0.183899,-0.615051,1.1069180
-0.186661,-0.584686,0.8400570
0.644302,-0.437622,-1.9725040
-0.000916,-0.666428,0.0794070
-0.199707,-0.550552,0.6909940
-0.094086,-0.539017,0.9604950
0.042984,-0.678619,1.08290150
-0.161392,-0.657608,0.8313750
0.042099,-1.074158,-1.9769740
-0.131027,-0.684616,0.1535950
-0.363647,-0.651642,0.9207150
-0.294601,-0.673599,0.9328160
-0.324722,-0.617477,0.7583470
-0.273956,-0.548615,0.6272580
1.617081,-0.352219,-1.9664920
-0.098480,-0.406967,-0.689331
-0.378342,-0.604538,0.5924681
-0.461548,-0.614777,0.6367341
-0.469482,-0.700684,0.6882021
-0.472046,-0.689163,0.7895051
-0.273621,-0.629242,0.2131961
1.003555,-0.633316,-1.9705811
-0.017227,-0.536484,-0.348083
-0.435318,-0.725494,0.6114503
-0.495529,-0.694199,0.5195473
-0.518372,-0.665039,0.7035373
-0.510254,-0.681870,0.7357033
-0.268112,-0.646515,0.1557313
0.970154,-0.713120,-1.9708863
-0.117538,-0.493103,-0.532715
-0.337585,-0.738785,0.4844215
-0.441055,-0.774963,0.6200875
-0.468323,-0.707642,0.6862495
-0.320419,-0.671860,0.4407655
0.058395,-0.762253,-0.5748605
-0.132111,-0.478500,-1.545776
-0.274399,-0.687042,-0.021591
-0.460175,-0.794479,0.6209261
-0.440399,-0.747681,0.5276031
-0.424927,-0.745728,0.5715331
-0.344513,-0.691147,0.4649511
0.294769,-0.640228,-0.9219671
-0.082047,-0.446396,-1.507431
-0.315521,-0.666351,-0.176697
-0.543213,-0.753677,0.5581517
-0.456741,-0.760315,0.5245677
-0.496613,-0.726135,0.4834757
-0.045700,-0.748062,-0.298859
0.283508,-0.652023,-1.8541879
-0.143494,-0.606949,-0.757065
-0.362473,-0.725494,-0.071854
-0.556808,-0.702423,0.4529424
-0.509674,-0.734955,0.6460424
-0.569626,-0.683411,0.6272434
-0.308929,-0.722015,0.0053864
0.539780,-0.783096,-1.9735724
-0.146759,-0.628937,-0.794113
-0.353516,-0.782791,0.0011603
-0.556870,-0.775177,0.3944093
-0.529495,-0.774582,0.4082033
-0.470428,-0.834869,0.4552313
-0.590027,-0.559433,0.0039063
0.073181,-1.017578,-1.1380923
-0.178177,-0.775879,-0.911377
-0.434082,-0.743301,0.0747227
-0.555176,-0.752747,0.3233347
-0.504913,-0.769379,0.3479777
-0.528976,-0.725510,0.4949657

